>> A = [1, 2, 3; 4, 5, 6; 7, 8, 9]
A =

   1   2   3
   4   5   6
   7   8   9

>> 1:1:9
ans =

   1   2   3   4   5   6   7   8   9

>> A = [1::3;4::6;7::9]
parse error:

  syntax error

>>> A = [1::3;4::6;7::9]
           ^

>> A = [1:3;4:6;7:9]
A =

   1   2   3
   4   5   6
   7   8   9

>> for n = 1:9
B(n) = i * (n + 1) + A(n)
end
B =  1 + 2i
B =

   1 + 2i   4 + 3i

B =

   1 + 2i   4 + 3i   7 + 4i

B =

   1 + 2i   4 + 3i   7 + 4i   2 + 5i

B =

   1 + 2i   4 + 3i   7 + 4i   2 + 5i   5 + 6i

B =

   1 + 2i   4 + 3i   7 + 4i   2 + 5i   5 + 6i   8 + 7i

B =

   1 + 2i   4 + 3i   7 + 4i   2 + 5i   5 + 6i   8 + 7i   3 + 8i

B =

   1 + 2i   4 + 3i   7 + 4i   2 + 5i   5 + 6i   8 + 7i   3 + 8i   6 + 9i

B =

 Columns 1 through 8:

    1 +  2i    4 +  3i    7 +  4i    2 +  5i    5 +  6i    8 +  7i    3 +  8i    6 +  9i

 Column 9:

    9 + 10i

>> B
B =

 Columns 1 through 8:

    1 +  2i    4 +  3i    7 +  4i    2 +  5i    5 +  6i    8 +  7i    3 +  8i    6 +  9i

 Column 9:

    9 + 10i

>> for x = 1:3
for y = 1:3
B(x, y) = A(x, y) + i*(A(x , y) + 1)
end
B
end
B =

 Columns 1 through 8:

    1 +  2i    4 +  3i    7 +  4i    2 +  5i    5 +  6i    8 +  7i    3 +  8i    6 +  9i

 Column 9:

    9 + 10i

B =

 Columns 1 through 8:

    1 +  2i    2 +  3i    7 +  4i    2 +  5i    5 +  6i    8 +  7i    3 +  8i    6 +  9i

 Column 9:

    9 + 10i

B =

 Columns 1 through 8:

    1 +  2i    2 +  3i    3 +  4i    2 +  5i    5 +  6i    8 +  7i    3 +  8i    6 +  9i

 Column 9:

    9 + 10i

B =

 Columns 1 through 8:

    1 +  2i    2 +  3i    3 +  4i    2 +  5i    5 +  6i    8 +  7i    3 +  8i    6 +  9i

 Column 9:

    9 + 10i

B =

 Columns 1 through 8:

    1 +  2i    2 +  3i    3 +  4i    2 +  5i    5 +  6i    8 +  7i    3 +  8i    6 +  9i
    4 +  5i    0 +  0i    0 +  0i    0 +  0i    0 +  0i    0 +  0i    0 +  0i    0 +  0i

 Column 9:

    9 + 10i
    0 +  0i

B =

 Columns 1 through 8:

    1 +  2i    2 +  3i    3 +  4i    2 +  5i    5 +  6i    8 +  7i    3 +  8i    6 +  9i
    4 +  5i    5 +  6i    0 +  0i    0 +  0i    0 +  0i    0 +  0i    0 +  0i    0 +  0i

 Column 9:

    9 + 10i
    0 +  0i

B =

 Columns 1 through 8:

    1 +  2i    2 +  3i    3 +  4i    2 +  5i    5 +  6i    8 +  7i    3 +  8i    6 +  9i
    4 +  5i    5 +  6i    6 +  7i    0 +  0i    0 +  0i    0 +  0i    0 +  0i    0 +  0i

 Column 9:

    9 + 10i
    0 +  0i

B =

 Columns 1 through 8:

    1 +  2i    2 +  3i    3 +  4i    2 +  5i    5 +  6i    8 +  7i    3 +  8i    6 +  9i
    4 +  5i    5 +  6i    6 +  7i    0 +  0i    0 +  0i    0 +  0i    0 +  0i    0 +  0i

 Column 9:

    9 + 10i
    0 +  0i

B =

 Columns 1 through 8:

    1 +  2i    2 +  3i    3 +  4i    2 +  5i    5 +  6i    8 +  7i    3 +  8i    6 +  9i
    4 +  5i    5 +  6i    6 +  7i    0 +  0i    0 +  0i    0 +  0i    0 +  0i    0 +  0i
    7 +  8i    0 +  0i    0 +  0i    0 +  0i    0 +  0i    0 +  0i    0 +  0i    0 +  0i

 Column 9:

    9 + 10i
    0 +  0i
    0 +  0i

B =

 Columns 1 through 8:

    1 +  2i    2 +  3i    3 +  4i    2 +  5i    5 +  6i    8 +  7i    3 +  8i    6 +  9i
    4 +  5i    5 +  6i    6 +  7i    0 +  0i    0 +  0i    0 +  0i    0 +  0i    0 +  0i
    7 +  8i    8 +  9i    0 +  0i    0 +  0i    0 +  0i    0 +  0i    0 +  0i    0 +  0i

 Column 9:

    9 + 10i
    0 +  0i
    0 +  0i

B =

 Columns 1 through 8:

    1 +  2i    2 +  3i    3 +  4i    2 +  5i    5 +  6i    8 +  7i    3 +  8i    6 +  9i
    4 +  5i    5 +  6i    6 +  7i    0 +  0i    0 +  0i    0 +  0i    0 +  0i    0 +  0i
    7 +  8i    8 +  9i    9 + 10i    0 +  0i    0 +  0i    0 +  0i    0 +  0i    0 +  0i

 Column 9:

    9 + 10i
    0 +  0i
    0 +  0i

B =

 Columns 1 through 8:

    1 +  2i    2 +  3i    3 +  4i    2 +  5i    5 +  6i    8 +  7i    3 +  8i    6 +  9i
    4 +  5i    5 +  6i    6 +  7i    0 +  0i    0 +  0i    0 +  0i    0 +  0i    0 +  0i
    7 +  8i    8 +  9i    9 + 10i    0 +  0i    0 +  0i    0 +  0i    0 +  0i    0 +  0i

 Column 9:

    9 + 10i
    0 +  0i
    0 +  0i

>> B
B =

 Columns 1 through 8:

    1 +  2i    2 +  3i    3 +  4i    2 +  5i    5 +  6i    8 +  7i    3 +  8i    6 +  9i
    4 +  5i    5 +  6i    6 +  7i    0 +  0i    0 +  0i    0 +  0i    0 +  0i    0 +  0i
    7 +  8i    8 +  9i    9 + 10i    0 +  0i    0 +  0i    0 +  0i    0 +  0i    0 +  0i

 Column 9:

    9 + 10i
    0 +  0i
    0 +  0i

>> A
A =

   1   2   3
   4   5   6
   7   8   9

>> B
B =

 Columns 1 through 8:

    1 +  2i    2 +  3i    3 +  4i    2 +  5i    5 +  6i    8 +  7i    3 +  8i    6 +  9i
    4 +  5i    5 +  6i    6 +  7i    0 +  0i    0 +  0i    0 +  0i    0 +  0i    0 +  0i
    7 +  8i    8 +  9i    9 + 10i    0 +  0i    0 +  0i    0 +  0i    0 +  0i    0 +  0i

 Column 9:

    9 + 10i
    0 +  0i
    0 +  0i

>> A(1, 1)
ans =  1
>> B(1, 1)
ans =  1 + 2i
>> B(1)
ans =  1 + 2i
>> B(1:)
parse error:

  syntax error

>>> B(1:)
        ^

>> B(1:, 2)
parse error:

  syntax error

>>> B(1:, 2)
        ^

>> B = NULL
error: 'NULL' undefined near line 1 column 5
>> B
B =

 Columns 1 through 8:

    1 +  2i    2 +  3i    3 +  4i    2 +  5i    5 +  6i    8 +  7i    3 +  8i    6 +  9i
    4 +  5i    5 +  6i    6 +  7i    0 +  0i    0 +  0i    0 +  0i    0 +  0i    0 +  0i
    7 +  8i    8 +  9i    9 + 10i    0 +  0i    0 +  0i    0 +  0i    0 +  0i    0 +  0i

 Column 9:

    9 + 10i
    0 +  0i
    0 +  0i

>> B = A + i
B =

   1 + 1i   2 + 1i   3 + 1i
   4 + 1i   5 + 1i   6 + 1i
   7 + 1i   8 + 1i   9 + 1i

>> for x = 1:3
for y = 1:3
B(x, y) = A(x, y) + i *(A(x, y) + 1)
end
end
B =

   1 + 2i   2 + 1i   3 + 1i
   4 + 1i   5 + 1i   6 + 1i
   7 + 1i   8 + 1i   9 + 1i

B =

   1 + 2i   2 + 3i   3 + 1i
   4 + 1i   5 + 1i   6 + 1i
   7 + 1i   8 + 1i   9 + 1i

B =

   1 + 2i   2 + 3i   3 + 4i
   4 + 1i   5 + 1i   6 + 1i
   7 + 1i   8 + 1i   9 + 1i

B =

   1 + 2i   2 + 3i   3 + 4i
   4 + 5i   5 + 1i   6 + 1i
   7 + 1i   8 + 1i   9 + 1i

B =

   1 + 2i   2 + 3i   3 + 4i
   4 + 5i   5 + 6i   6 + 1i
   7 + 1i   8 + 1i   9 + 1i

B =

   1 + 2i   2 + 3i   3 + 4i
   4 + 5i   5 + 6i   6 + 7i
   7 + 1i   8 + 1i   9 + 1i

B =

   1 + 2i   2 + 3i   3 + 4i
   4 + 5i   5 + 6i   6 + 7i
   7 + 8i   8 + 1i   9 + 1i

B =

   1 + 2i   2 + 3i   3 + 4i
   4 + 5i   5 + 6i   6 + 7i
   7 + 8i   8 + 9i   9 + 1i

B =

    1 +  2i    2 +  3i    3 +  4i
    4 +  5i    5 +  6i    6 +  7i
    7 +  8i    8 +  9i    9 + 10i

>> B
B =

    1 +  2i    2 +  3i    3 +  4i
    4 +  5i    5 +  6i    6 +  7i
    7 +  8i    8 +  9i    9 + 10i

>> B
B =

    1 +  2i    2 +  3i    3 +  4i
    4 +  5i    5 +  6i    6 +  7i
    7 +  8i    8 +  9i    9 + 10i

>> for x = 1:3
for y = 1:3
B(x, y) = A(x, y) + i *(A(x, y) + 1)
end;
end;
B =

    1 +  2i    2 +  3i    3 +  4i
    4 +  5i    5 +  6i    6 +  7i
    7 +  8i    8 +  9i    9 + 10i

B =

    1 +  2i    2 +  3i    3 +  4i
    4 +  5i    5 +  6i    6 +  7i
    7 +  8i    8 +  9i    9 + 10i

B =

    1 +  2i    2 +  3i    3 +  4i
    4 +  5i    5 +  6i    6 +  7i
    7 +  8i    8 +  9i    9 + 10i

B =

    1 +  2i    2 +  3i    3 +  4i
    4 +  5i    5 +  6i    6 +  7i
    7 +  8i    8 +  9i    9 + 10i

B =

    1 +  2i    2 +  3i    3 +  4i
    4 +  5i    5 +  6i    6 +  7i
    7 +  8i    8 +  9i    9 + 10i

B =

    1 +  2i    2 +  3i    3 +  4i
    4 +  5i    5 +  6i    6 +  7i
    7 +  8i    8 +  9i    9 + 10i

B =

    1 +  2i    2 +  3i    3 +  4i
    4 +  5i    5 +  6i    6 +  7i
    7 +  8i    8 +  9i    9 + 10i

B =

    1 +  2i    2 +  3i    3 +  4i
    4 +  5i    5 +  6i    6 +  7i
    7 +  8i    8 +  9i    9 + 10i

B =

    1 +  2i    2 +  3i    3 +  4i
    4 +  5i    5 +  6i    6 +  7i
    7 +  8i    8 +  9i    9 + 10i

>> for x = 1:3
for y = 1:3
B(x, y) = A(x, y) + i *(A(x, y) + 1);
end
end
>> B
B =

    1 +  2i    2 +  3i    3 +  4i
    4 +  5i    5 +  6i    6 +  7i
    7 +  8i    8 +  9i    9 + 10i

>> A + B
ans =

    2 +  2i    4 +  3i    6 +  4i
    8 +  5i   10 +  6i   12 +  7i
   14 +  8i   16 +  9i   18 + 10i

>> A - b
error: 'b' undefined near line 1 column 5
>> A - B
