A = [1 2 3; 4 5 6; 7 8 9]

A =

     1     2     3
     4     5     6
     7     8     9

size(A)

ans =

     3     3

A(:)

ans =

     1
     4
     7
     2
     5
     8
     3
     6
     9

A

A =

     1     2     3
     4     5     6
     7     8     9

ans

ans =

     1
     4
     7
     2
     5
     8
     3
     6
     9

A = A + 1i

A =

   1.0000 + 1.0000i   2.0000 + 1.0000i   3.0000 + 1.0000i
   4.0000 + 1.0000i   5.0000 + 1.0000i   6.0000 + 1.0000i
   7.0000 + 1.0000i   8.0000 + 1.0000i   9.0000 + 1.0000i

A = [1 2 3; 4 5 6; 7 8 9]

A =

     1     2     3
     4     5     6
     7     8     9

for n = 1:9
A(n) = A(n) + A(n)*i



end

A =

   1.0000 + 1.0000i   2.0000 + 0.0000i   3.0000 + 0.0000i
   4.0000 + 0.0000i   5.0000 + 0.0000i   6.0000 + 0.0000i
   7.0000 + 0.0000i   8.0000 + 0.0000i   9.0000 + 0.0000i


A =

   1.0000 + 1.0000i   2.0000 + 0.0000i   3.0000 + 0.0000i
   4.0000 + 4.0000i   5.0000 + 0.0000i   6.0000 + 0.0000i
   7.0000 + 0.0000i   8.0000 + 0.0000i   9.0000 + 0.0000i


A =

   1.0000 + 1.0000i   2.0000 + 0.0000i   3.0000 + 0.0000i
   4.0000 + 4.0000i   5.0000 + 0.0000i   6.0000 + 0.0000i
   7.0000 + 7.0000i   8.0000 + 0.0000i   9.0000 + 0.0000i


A =

   1.0000 + 1.0000i   2.0000 + 2.0000i   3.0000 + 0.0000i
   4.0000 + 4.0000i   5.0000 + 0.0000i   6.0000 + 0.0000i
   7.0000 + 7.0000i   8.0000 + 0.0000i   9.0000 + 0.0000i


A =

   1.0000 + 1.0000i   2.0000 + 2.0000i   3.0000 + 0.0000i
   4.0000 + 4.0000i   5.0000 + 5.0000i   6.0000 + 0.0000i
   7.0000 + 7.0000i   8.0000 + 0.0000i   9.0000 + 0.0000i


A =

   1.0000 + 1.0000i   2.0000 + 2.0000i   3.0000 + 0.0000i
   4.0000 + 4.0000i   5.0000 + 5.0000i   6.0000 + 0.0000i
   7.0000 + 7.0000i   8.0000 + 8.0000i   9.0000 + 0.0000i


A =

   1.0000 + 1.0000i   2.0000 + 2.0000i   3.0000 + 3.0000i
   4.0000 + 4.0000i   5.0000 + 5.0000i   6.0000 + 0.0000i
   7.0000 + 7.0000i   8.0000 + 8.0000i   9.0000 + 0.0000i


A =

   1.0000 + 1.0000i   2.0000 + 2.0000i   3.0000 + 3.0000i
   4.0000 + 4.0000i   5.0000 + 5.0000i   6.0000 + 6.0000i
   7.0000 + 7.0000i   8.0000 + 8.0000i   9.0000 + 0.0000i


A =

   1.0000 + 1.0000i   2.0000 + 2.0000i   3.0000 + 3.0000i
   4.0000 + 4.0000i   5.0000 + 5.0000i   6.0000 + 6.0000i
   7.0000 + 7.0000i   8.0000 + 8.0000i   9.0000 + 9.0000i

A = [1 2 3; 4 5 6 ; 7 8 9]

A =

     1     2     3
     4     5     6
     7     8     9

for n = 1:9
B(n) = A(n) + A(n) * i
end

B =

   1.0000 + 1.0000i


B =

   1.0000 + 1.0000i   4.0000 + 4.0000i


B =

   1.0000 + 1.0000i   4.0000 + 4.0000i   7.0000 + 7.0000i


B =

   1.0000 + 1.0000i   4.0000 + 4.0000i   7.0000 + 7.0000i   2.0000 + 2.0000i


B =

   1.0000 + 1.0000i   4.0000 + 4.0000i   7.0000 + 7.0000i   2.0000 + 2.0000i   5.0000 + 5.0000i


B =

   1.0000 + 1.0000i   4.0000 + 4.0000i   7.0000 + 7.0000i   2.0000 + 2.0000i   5.0000 + 5.0000i   8.0000 + 8.0000i


B =

   1.0000 + 1.0000i   4.0000 + 4.0000i   7.0000 + 7.0000i   2.0000 + 2.0000i   5.0000 + 5.0000i   8.0000 + 8.0000i   3.0000 + 3.0000i


B =

   1.0000 + 1.0000i   4.0000 + 4.0000i   7.0000 + 7.0000i   2.0000 + 2.0000i   5.0000 + 5.0000i   8.0000 + 8.0000i   3.0000 + 3.0000i   6.0000 + 6.0000i


B =

  Columns 1 through 8

   1.0000 + 1.0000i   4.0000 + 4.0000i   7.0000 + 7.0000i   2.0000 + 2.0000i   5.0000 + 5.0000i   8.0000 + 8.0000i   3.0000 + 3.0000i   6.0000 + 6.0000i

  Column 9

   9.0000 + 9.0000i

B

B =

  Columns 1 through 8

   1.0000 + 1.0000i   4.0000 + 4.0000i   7.0000 + 7.0000i   2.0000 + 2.0000i   5.0000 + 5.0000i   8.0000 + 8.0000i   3.0000 + 3.0000i   6.0000 + 6.0000i

  Column 9

   9.0000 + 9.0000i

for x = 1:3
for y = 1:3
B(x, y) = A(x, y) + i*(A(x , y) + 1)
end
end

B =

  Columns 1 through 8

   1.0000 + 2.0000i   4.0000 + 4.0000i   7.0000 + 7.0000i   2.0000 + 2.0000i   5.0000 + 5.0000i   8.0000 + 8.0000i   3.0000 + 3.0000i   6.0000 + 6.0000i

  Column 9

   9.0000 + 9.0000i


B =

  Columns 1 through 8

   1.0000 + 2.0000i   2.0000 + 3.0000i   7.0000 + 7.0000i   2.0000 + 2.0000i   5.0000 + 5.0000i   8.0000 + 8.0000i   3.0000 + 3.0000i   6.0000 + 6.0000i

  Column 9

   9.0000 + 9.0000i


B =

  Columns 1 through 8

   1.0000 + 2.0000i   2.0000 + 3.0000i   3.0000 + 4.0000i   2.0000 + 2.0000i   5.0000 + 5.0000i   8.0000 + 8.0000i   3.0000 + 3.0000i   6.0000 + 6.0000i

  Column 9

   9.0000 + 9.0000i


B =

  Columns 1 through 8

   1.0000 + 2.0000i   2.0000 + 3.0000i   3.0000 + 4.0000i   2.0000 + 2.0000i   5.0000 + 5.0000i   8.0000 + 8.0000i   3.0000 + 3.0000i   6.0000 + 6.0000i
   4.0000 + 5.0000i   0.0000 + 0.0000i   0.0000 + 0.0000i   0.0000 + 0.0000i   0.0000 + 0.0000i   0.0000 + 0.0000i   0.0000 + 0.0000i   0.0000 + 0.0000i

  Column 9

   9.0000 + 9.0000i
   0.0000 + 0.0000i


B =

  Columns 1 through 8

   1.0000 + 2.0000i   2.0000 + 3.0000i   3.0000 + 4.0000i   2.0000 + 2.0000i   5.0000 + 5.0000i   8.0000 + 8.0000i   3.0000 + 3.0000i   6.0000 + 6.0000i
   4.0000 + 5.0000i   5.0000 + 6.0000i   0.0000 + 0.0000i   0.0000 + 0.0000i   0.0000 + 0.0000i   0.0000 + 0.0000i   0.0000 + 0.0000i   0.0000 + 0.0000i

  Column 9

   9.0000 + 9.0000i
   0.0000 + 0.0000i


B =

  Columns 1 through 8

   1.0000 + 2.0000i   2.0000 + 3.0000i   3.0000 + 4.0000i   2.0000 + 2.0000i   5.0000 + 5.0000i   8.0000 + 8.0000i   3.0000 + 3.0000i   6.0000 + 6.0000i
   4.0000 + 5.0000i   5.0000 + 6.0000i   6.0000 + 7.0000i   0.0000 + 0.0000i   0.0000 + 0.0000i   0.0000 + 0.0000i   0.0000 + 0.0000i   0.0000 + 0.0000i

  Column 9

   9.0000 + 9.0000i
   0.0000 + 0.0000i


B =

  Columns 1 through 8

   1.0000 + 2.0000i   2.0000 + 3.0000i   3.0000 + 4.0000i   2.0000 + 2.0000i   5.0000 + 5.0000i   8.0000 + 8.0000i   3.0000 + 3.0000i   6.0000 + 6.0000i
   4.0000 + 5.0000i   5.0000 + 6.0000i   6.0000 + 7.0000i   0.0000 + 0.0000i   0.0000 + 0.0000i   0.0000 + 0.0000i   0.0000 + 0.0000i   0.0000 + 0.0000i
   7.0000 + 8.0000i   0.0000 + 0.0000i   0.0000 + 0.0000i   0.0000 + 0.0000i   0.0000 + 0.0000i   0.0000 + 0.0000i   0.0000 + 0.0000i   0.0000 + 0.0000i

  Column 9

   9.0000 + 9.0000i
   0.0000 + 0.0000i
   0.0000 + 0.0000i


B =

  Columns 1 through 8

   1.0000 + 2.0000i   2.0000 + 3.0000i   3.0000 + 4.0000i   2.0000 + 2.0000i   5.0000 + 5.0000i   8.0000 + 8.0000i   3.0000 + 3.0000i   6.0000 + 6.0000i
   4.0000 + 5.0000i   5.0000 + 6.0000i   6.0000 + 7.0000i   0.0000 + 0.0000i   0.0000 + 0.0000i   0.0000 + 0.0000i   0.0000 + 0.0000i   0.0000 + 0.0000i
   7.0000 + 8.0000i   8.0000 + 9.0000i   0.0000 + 0.0000i   0.0000 + 0.0000i   0.0000 + 0.0000i   0.0000 + 0.0000i   0.0000 + 0.0000i   0.0000 + 0.0000i

  Column 9

   9.0000 + 9.0000i
   0.0000 + 0.0000i
   0.0000 + 0.0000i


B =

  Columns 1 through 8

   1.0000 + 2.0000i   2.0000 + 3.0000i   3.0000 + 4.0000i   2.0000 + 2.0000i   5.0000 + 5.0000i   8.0000 + 8.0000i   3.0000 + 3.0000i   6.0000 + 6.0000i
   4.0000 + 5.0000i   5.0000 + 6.0000i   6.0000 + 7.0000i   0.0000 + 0.0000i   0.0000 + 0.0000i   0.0000 + 0.0000i   0.0000 + 0.0000i   0.0000 + 0.0000i
   7.0000 + 8.0000i   8.0000 + 9.0000i   9.0000 +10.0000i   0.0000 + 0.0000i   0.0000 + 0.0000i   0.0000 + 0.0000i   0.0000 + 0.0000i   0.0000 + 0.0000i

  Column 9

   9.0000 + 9.0000i
   0.0000 + 0.0000i
   0.0000 + 0.0000i

b
{Undefined function or variable 'b'.
} 
BB
{Undefined function or variable 'BB'.
} 
B

B =

